title:Psylosphy Wishlist 
description: Witch Queen PvE/PvP God/Good rolls
// Krait (PvE)
//notes:PvE- ***God roll***
dimwishlist:item=2852052802&perks=4090651448,1087426260,3643424744,124408337
dimwishlist:item=2852052802&perks=4090651448,1087426260,3643424744,4049631843
dimwishlist:item=2852052802&perks=4090651448,1087426260,1820235745,124408337
dimwishlist:item=2852052802&perks=4090651448,1087426260,1820235745,4049631843
dimwishlist:item=2852052802&perks=4090651448,1885400500,3643424744,124408337
dimwishlist:item=2852052802&perks=4090651448,1885400500,3643424744,4049631843
dimwishlist:item=2852052802&perks=4090651448,1885400500,1820235745,124408337
dimwishlist:item=2852052802&perks=4090651448,1885400500,1820235745,4049631843
dimwishlist:item=2852052802&perks=4090651448,679225683,3643424744,124408337
dimwishlist:item=2852052802&perks=4090651448,679225683,3643424744,4049631843
dimwishlist:item=2852052802&perks=4090651448,679225683,1820235745,124408337
dimwishlist:item=2852052802&perks=4090651448,679225683,1820235745,4049631843
dimwishlist:item=2852052802&perks=1482024992,1087426260,3643424744,124408337
dimwishlist:item=2852052802&perks=1482024992,1087426260,3643424744,4049631843
dimwishlist:item=2852052802&perks=1482024992,1087426260,1820235745,124408337
dimwishlist:item=2852052802&perks=1482024992,1087426260,1820235745,4049631843
dimwishlist:item=2852052802&perks=1482024992,1885400500,3643424744,124408337
dimwishlist:item=2852052802&perks=1482024992,1885400500,3643424744,4049631843
dimwishlist:item=2852052802&perks=1482024992,1885400500,1820235745,124408337
dimwishlist:item=2852052802&perks=1482024992,1885400500,1820235745,4049631843
dimwishlist:item=2852052802&perks=1482024992,679225683,3643424744,124408337
dimwishlist:item=2852052802&perks=1482024992,679225683,3643424744,4049631843
dimwishlist:item=2852052802&perks=1482024992,679225683,1820235745,124408337
dimwishlist:item=2852052802&perks=1482024992,679225683,1820235745,4049631843
dimwishlist:item=2852052802&perks=202670084,1087426260,3643424744,124408337
dimwishlist:item=2852052802&perks=202670084,1087426260,3643424744,4049631843
dimwishlist:item=2852052802&perks=202670084,1087426260,1820235745,124408337
dimwishlist:item=2852052802&perks=202670084,1087426260,1820235745,4049631843
dimwishlist:item=2852052802&perks=202670084,1885400500,3643424744,124408337
dimwishlist:item=2852052802&perks=202670084,1885400500,3643424744,4049631843
dimwishlist:item=2852052802&perks=202670084,1885400500,1820235745,124408337
dimwishlist:item=2852052802&perks=202670084,1885400500,1820235745,4049631843
dimwishlist:item=2852052802&perks=202670084,679225683,3643424744,124408337
dimwishlist:item=2852052802&perks=202670084,679225683,3643424744,4049631843
dimwishlist:item=2852052802&perks=202670084,679225683,1820235745,124408337
dimwishlist:item=2852052802&perks=202670084,679225683,1820235745,4049631843
dimwishlist:item=2852052802&perks=839105230,1087426260,3643424744,124408337
dimwishlist:item=2852052802&perks=839105230,1087426260,3643424744,4049631843
dimwishlist:item=2852052802&perks=839105230,1087426260,1820235745,124408337
dimwishlist:item=2852052802&perks=839105230,1087426260,1820235745,4049631843
dimwishlist:item=2852052802&perks=839105230,1885400500,3643424744,124408337
dimwishlist:item=2852052802&perks=839105230,1885400500,3643424744,4049631843
dimwishlist:item=2852052802&perks=839105230,1885400500,1820235745,124408337
dimwishlist:item=2852052802&perks=839105230,1885400500,1820235745,4049631843
dimwishlist:item=2852052802&perks=839105230,679225683,3643424744,124408337
dimwishlist:item=2852052802&perks=839105230,679225683,3643424744,4049631843
dimwishlist:item=2852052802&perks=839105230,679225683,1820235745,124408337
dimwishlist:item=2852052802&perks=839105230,679225683,1820235745,4049631843
dimwishlist:item=2852052802&perks=839105230,1087426260,3643424744,1546637391
dimwishlist:item=2852052802&perks=839105230,1087426260,3643424744,124408337
dimwishlist:item=2852052802&perks=839105230,1087426260,3643424744,4049631843
dimwishlist:item=2852052802&perks=839105230,1087426260,1820235745,1546637391
dimwishlist:item=2852052802&perks=839105230,1087426260,1820235745,124408337
dimwishlist:item=2852052802&perks=839105230,1087426260,1820235745,4049631843
dimwishlist:item=2852052802&perks=839105230,1561002382,3643424744,1546637391
dimwishlist:item=2852052802&perks=839105230,1561002382,3643424744,124408337
dimwishlist:item=2852052802&perks=839105230,1561002382,3643424744,4049631843
dimwishlist:item=2852052802&perks=839105230,1561002382,1820235745,1546637391
dimwishlist:item=2852052802&perks=839105230,1561002382,1820235745,124408337
dimwishlist:item=2852052802&perks=839105230,1561002382,1820235745,4049631843
dimwishlist:item=2852052802&perks=839105230,2420895100,3643424744,1546637391
dimwishlist:item=2852052802&perks=839105230,2420895100,3643424744,124408337
dimwishlist:item=2852052802&perks=839105230,2420895100,3643424744,4049631843
dimwishlist:item=2852052802&perks=839105230,2420895100,1820235745,1546637391
dimwishlist:item=2852052802&perks=839105230,2420895100,1820235745,124408337
dimwishlist:item=2852052802&perks=839105230,2420895100,1820235745,4049631843
dimwishlist:item=2852052802&perks=1840239774,1087426260,3643424744,1546637391
dimwishlist:item=2852052802&perks=1840239774,1087426260,3643424744,124408337
dimwishlist:item=2852052802&perks=1840239774,1087426260,3643424744,4049631843
dimwishlist:item=2852052802&perks=1840239774,1087426260,1820235745,1546637391
dimwishlist:item=2852052802&perks=1840239774,1087426260,1820235745,124408337
dimwishlist:item=2852052802&perks=1840239774,1087426260,1820235745,4049631843
dimwishlist:item=2852052802&perks=1840239774,1561002382,3643424744,1546637391
dimwishlist:item=2852052802&perks=1840239774,1561002382,3643424744,124408337
dimwishlist:item=2852052802&perks=1840239774,1561002382,3643424744,4049631843
dimwishlist:item=2852052802&perks=1840239774,1561002382,1820235745,1546637391
dimwishlist:item=2852052802&perks=1840239774,1561002382,1820235745,124408337
dimwishlist:item=2852052802&perks=1840239774,1561002382,1820235745,4049631843
dimwishlist:item=2852052802&perks=1840239774,2420895100,3643424744,1546637391
dimwishlist:item=2852052802&perks=1840239774,2420895100,3643424744,124408337
dimwishlist:item=2852052802&perks=1840239774,2420895100,3643424744,4049631843
dimwishlist:item=2852052802&perks=1840239774,2420895100,1820235745,1546637391
dimwishlist:item=2852052802&perks=1840239774,2420895100,1820235745,124408337
dimwishlist:item=2852052802&perks=1840239774,2420895100,1820235745,4049631843

// Krait (PvP)
//notes:PvP- ***God roll***
dimwishlist:item=2852052802&perks=1482024992,,1561002382,,3643424744,,588594999#notes:|tags:PvP-Godroll
dimwishlist:item=2852052802&perks=839105230,1561002382,,3643424744,,588594999#notes:|tags:PvP-Godroll
dimwishlist:item=2852052802&perks=1482024992,,1885400500,3643424744,,588594999#notes:|tags:PvP-Godroll
dimwishlist:item=2852052802&perks=839105230,1885400500,3643424744,,588594999#notes:|tags:PvP-Godroll
dimwishlist:item=2852052802&perks=1482024992,,1561002382,,509074078,588594999#notes:|tags:PvP-Godroll
dimwishlist:item=2852052802&perks=839105230,1561002382,,509074078,588594999#notes:|tags:PvP-Godroll
dimwishlist:item=2852052802&perks=1482024992,,1885400500,509074078,588594999#notes:|tags:PvP-Godroll
dimwishlist:item=2852052802&perks=839105230,1885400500,509074078,588594999#notes:|tags:PvP-Godroll
dimwishlist:item=2852052802&perks=1840239774,1561002382,3643424744,588594999
dimwishlist:item=2852052802&perks=1840239774,1561002382,3643424744,124408337
dimwishlist:item=2852052802&perks=1840239774,1561002382,509074078,588594999
dimwishlist:item=2852052802&perks=1840239774,1561002382,509074078,124408337
dimwishlist:item=2852052802&perks=1840239774,1885400500,3643424744,588594999
dimwishlist:item=2852052802&perks=1840239774,1885400500,3643424744,124408337
dimwishlist:item=2852052802&perks=1840239774,1885400500,509074078,588594999
dimwishlist:item=2852052802&perks=1840239774,1885400500,509074078,124408337
dimwishlist:item=2852052802&perks=839105230,1561002382,3643424744,588594999
dimwishlist:item=2852052802&perks=839105230,1561002382,3643424744,124408337
dimwishlist:item=2852052802&perks=839105230,1561002382,509074078,588594999
dimwishlist:item=2852052802&perks=839105230,1561002382,509074078,124408337
dimwishlist:item=2852052802&perks=839105230,1885400500,3643424744,588594999
dimwishlist:item=2852052802&perks=839105230,1885400500,3643424744,124408337
dimwishlist:item=2852052802&perks=839105230,1885400500,509074078,588594999
dimwishlist:item=2852052802&perks=839105230,1885400500,509074078,124408337
dimwishlist:item=2852052802&perks=1482024992,1561002382,3643424744,588594999
dimwishlist:item=2852052802&perks=1482024992,1561002382,3643424744,124408337
dimwishlist:item=2852052802&perks=1482024992,1561002382,509074078,588594999
dimwishlist:item=2852052802&perks=1482024992,1561002382,509074078,124408337
dimwishlist:item=2852052802&perks=1482024992,1885400500,3643424744,588594999
dimwishlist:item=2852052802&perks=1482024992,1885400500,3643424744,124408337
dimwishlist:item=2852052802&perks=1482024992,1885400500,509074078,588594999
dimwishlist:item=2852052802&perks=1482024992,1885400500,509074078,124408337

// Cantata-57 (PvE)
//notes:PvE-Good roll
dimwishlist:item=372697604&perks=1482024992,106909392,509074078,1954620775
dimwishlist:item=372697604&perks=1482024992,106909392,509074078,1954620775
dimwishlist:item=372697604&perks=1482024992,106909392,509074078,1546637391
dimwishlist:item=372697604&perks=1482024992,3230963543,509074078,1954620775
dimwishlist:item=372697604&perks=1482024992,3230963543,509074078,1546637391
dimwishlist:item=372697604&perks=1482024992,3142289711,509074078,1954620775
dimwishlist:item=372697604&perks=1482024992,3142289711,509074078,1546637391
dimwishlist:item=372697604&perks=3661387068,106909392,509074078,1954620775
dimwishlist:item=372697604&perks=3661387068,106909392,509074078,1546637391
dimwishlist:item=372697604&perks=3661387068,3230963543,509074078,1954620775
dimwishlist:item=372697604&perks=3661387068,3230963543,509074078,1546637391
dimwishlist:item=372697604&perks=3661387068,3142289711,509074078,1954620775
dimwishlist:item=372697604&perks=3661387068,3142289711,509074078,1546637391

// Cantata-57 (PvE)
//notes:PvE-***God roll***
dimwishlist:item=372697604&perks=1482024992,106909392,247725512,1954620775
dimwishlist:item=372697604&perks=1482024992,106909392,247725512,1546637391
dimwishlist:item=372697604&perks=1482024992,3230963543,247725512,1954620775
dimwishlist:item=372697604&perks=1482024992,3230963543,247725512,1546637391
dimwishlist:item=372697604&perks=1482024992,3142289711,247725512,1954620775
dimwishlist:item=372697604&perks=1482024992,3142289711,247725512,1546637391
dimwishlist:item=372697604&perks=3661387068,106909392,247725512,1954620775
dimwishlist:item=372697604&perks=3661387068,106909392,247725512,1546637391
dimwishlist:item=372697604&perks=3661387068,3230963543,247725512,1954620775
dimwishlist:item=372697604&perks=3661387068,3230963543,247725512,1546637391
dimwishlist:item=372697604&perks=3661387068,3142289711,247725512,1954620775
dimwishlist:item=372697604&perks=3661387068,3142289711,247725512,1546637391
dimwishlist:item=372697604&perks=1840239774,106909392,247725512,1546637391
dimwishlist:item=372697604&perks=1840239774,106909392,247725512,1954620775
dimwishlist:item=372697604&perks=1840239774,106909392,247725512,2896038713
dimwishlist:item=372697604&perks=1840239774,106909392,509074078,1546637391
dimwishlist:item=372697604&perks=1840239774,106909392,509074078,1954620775
dimwishlist:item=372697604&perks=1840239774,106909392,509074078,2896038713
dimwishlist:item=372697604&perks=1840239774,1087426260,247725512,1546637391
dimwishlist:item=372697604&perks=1840239774,1087426260,247725512,1954620775
dimwishlist:item=372697604&perks=1840239774,1087426260,247725512,2896038713
dimwishlist:item=372697604&perks=1840239774,1087426260,509074078,1546637391
dimwishlist:item=372697604&perks=1840239774,1087426260,509074078,1954620775
dimwishlist:item=372697604&perks=1840239774,1087426260,509074078,2896038713
dimwishlist:item=372697604&perks=1840239774,2420895100,247725512,1546637391
dimwishlist:item=372697604&perks=1840239774,2420895100,247725512,1954620775
dimwishlist:item=372697604&perks=1840239774,2420895100,247725512,2896038713
dimwishlist:item=372697604&perks=1840239774,2420895100,509074078,1546637391
dimwishlist:item=372697604&perks=1840239774,2420895100,509074078,1954620775
dimwishlist:item=372697604&perks=1840239774,2420895100,509074078,2896038713
dimwishlist:item=372697604&perks=1482024992,106909392,247725512,1546637391
dimwishlist:item=372697604&perks=1482024992,106909392,247725512,1954620775
dimwishlist:item=372697604&perks=1482024992,106909392,247725512,2896038713
dimwishlist:item=372697604&perks=1482024992,106909392,509074078,1546637391
dimwishlist:item=372697604&perks=1482024992,106909392,509074078,1954620775
dimwishlist:item=372697604&perks=1482024992,106909392,509074078,2896038713
dimwishlist:item=372697604&perks=1482024992,1087426260,247725512,1546637391
dimwishlist:item=372697604&perks=1482024992,1087426260,247725512,1954620775
dimwishlist:item=372697604&perks=1482024992,1087426260,247725512,2896038713
dimwishlist:item=372697604&perks=1482024992,1087426260,509074078,1546637391
dimwishlist:item=372697604&perks=1482024992,1087426260,509074078,1954620775
dimwishlist:item=372697604&perks=1482024992,1087426260,509074078,2896038713
dimwishlist:item=372697604&perks=1482024992,2420895100,247725512,1546637391
dimwishlist:item=372697604&perks=1482024992,2420895100,247725512,1954620775
dimwishlist:item=372697604&perks=1482024992,2420895100,247725512,2896038713
dimwishlist:item=372697604&perks=1482024992,2420895100,509074078,1546637391
dimwishlist:item=372697604&perks=1482024992,2420895100,509074078,1954620775
dimwishlist:item=372697604&perks=1482024992,2420895100,509074078,2896038713
dimwishlist:item=372697604&perks=4090651448,106909392,247725512,1546637391
dimwishlist:item=372697604&perks=4090651448,106909392,247725512,1954620775
dimwishlist:item=372697604&perks=4090651448,106909392,247725512,2896038713
dimwishlist:item=372697604&perks=4090651448,106909392,509074078,1546637391
dimwishlist:item=372697604&perks=4090651448,106909392,509074078,1954620775
dimwishlist:item=372697604&perks=4090651448,106909392,509074078,2896038713
dimwishlist:item=372697604&perks=4090651448,1087426260,247725512,1546637391
dimwishlist:item=372697604&perks=4090651448,1087426260,247725512,1954620775
dimwishlist:item=372697604&perks=4090651448,1087426260,247725512,2896038713
dimwishlist:item=372697604&perks=4090651448,1087426260,509074078,1546637391
dimwishlist:item=372697604&perks=4090651448,1087426260,509074078,1954620775
dimwishlist:item=372697604&perks=4090651448,1087426260,509074078,2896038713
dimwishlist:item=372697604&perks=4090651448,2420895100,247725512,1546637391
dimwishlist:item=372697604&perks=4090651448,2420895100,247725512,1954620775
dimwishlist:item=372697604&perks=4090651448,2420895100,247725512,2896038713
dimwishlist:item=372697604&perks=4090651448,2420895100,509074078,1546637391
dimwishlist:item=372697604&perks=4090651448,2420895100,509074078,1954620775
dimwishlist:item=372697604&perks=4090651448,2420895100,509074078,2896038713

// Cantata-57 (god-pvp,mnk,controller)
//notes: God Roll - PvP tags:god-pvp,mnk,controller
dimwishlist:item=372697604&perks=1840239774,3142289711,699525795,2846385770
dimwishlist:item=372697604&perks=1840239774,3142289711,699525795,47981717
dimwishlist:item=372697604&perks=1840239774,3142289711,699525795,1954620775
dimwishlist:item=372697604&perks=1840239774,3142289711,247725512,2846385770
dimwishlist:item=372697604&perks=1840239774,3142289711,247725512,47981717
dimwishlist:item=372697604&perks=1840239774,3142289711,247725512,1954620775
dimwishlist:item=372697604&perks=1840239774,3142289711,1866048759,2846385770
dimwishlist:item=372697604&perks=1840239774,3142289711,1866048759,47981717
dimwishlist:item=372697604&perks=1840239774,3142289711,1866048759,1954620775
dimwishlist:item=372697604&perks=1840239774,106909392,699525795,2846385770
dimwishlist:item=372697604&perks=1840239774,106909392,699525795,47981717
dimwishlist:item=372697604&perks=1840239774,106909392,699525795,1954620775
dimwishlist:item=372697604&perks=1840239774,106909392,247725512,2846385770
dimwishlist:item=372697604&perks=1840239774,106909392,247725512,47981717
dimwishlist:item=372697604&perks=1840239774,106909392,247725512,1954620775
dimwishlist:item=372697604&perks=1840239774,106909392,1866048759,2846385770
dimwishlist:item=372697604&perks=1840239774,106909392,1866048759,47981717
dimwishlist:item=372697604&perks=1840239774,106909392,1866048759,1954620775
dimwishlist:item=372697604&perks=3250034553,3142289711,699525795,2846385770
dimwishlist:item=372697604&perks=3250034553,3142289711,699525795,47981717
dimwishlist:item=372697604&perks=3250034553,3142289711,699525795,1954620775
dimwishlist:item=372697604&perks=3250034553,3142289711,247725512,2846385770
dimwishlist:item=372697604&perks=3250034553,3142289711,247725512,47981717
dimwishlist:item=372697604&perks=3250034553,3142289711,247725512,1954620775
dimwishlist:item=372697604&perks=3250034553,3142289711,1866048759,2846385770
dimwishlist:item=372697604&perks=3250034553,3142289711,1866048759,47981717
dimwishlist:item=372697604&perks=3250034553,3142289711,1866048759,1954620775
dimwishlist:item=372697604&perks=3250034553,106909392,699525795,2846385770
dimwishlist:item=372697604&perks=3250034553,106909392,699525795,47981717
dimwishlist:item=372697604&perks=3250034553,106909392,699525795,1954620775
dimwishlist:item=372697604&perks=3250034553,106909392,247725512,2846385770
dimwishlist:item=372697604&perks=3250034553,106909392,247725512,47981717
dimwishlist:item=372697604&perks=3250034553,106909392,247725512,1954620775
dimwishlist:item=372697604&perks=3250034553,106909392,1866048759,2846385770
dimwishlist:item=372697604&perks=3250034553,106909392,1866048759,47981717
dimwishlist:item=372697604&perks=3250034553,106909392,1866048759,1954620775
dimwishlist:item=372697604&perks=1482024992,3142289711,699525795,2846385770
dimwishlist:item=372697604&perks=1482024992,3142289711,699525795,47981717
dimwishlist:item=372697604&perks=1482024992,3142289711,699525795,1954620775
dimwishlist:item=372697604&perks=1482024992,3142289711,247725512,2846385770
dimwishlist:item=372697604&perks=1482024992,3142289711,247725512,47981717
dimwishlist:item=372697604&perks=1482024992,3142289711,247725512,1954620775
dimwishlist:item=372697604&perks=1482024992,3142289711,1866048759,2846385770
dimwishlist:item=372697604&perks=1482024992,3142289711,1866048759,47981717
dimwishlist:item=372697604&perks=1482024992,3142289711,1866048759,1954620775
dimwishlist:item=372697604&perks=1482024992,106909392,699525795,2846385770
dimwishlist:item=372697604&perks=1482024992,106909392,699525795,47981717
dimwishlist:item=372697604&perks=1482024992,106909392,699525795,1954620775
dimwishlist:item=372697604&perks=1482024992,106909392,247725512,2846385770
dimwishlist:item=372697604&perks=1482024992,106909392,247725512,47981717
dimwishlist:item=372697604&perks=1482024992,106909392,247725512,1954620775
dimwishlist:item=372697604&perks=1482024992,106909392,1866048759,2846385770
dimwishlist:item=372697604&perks=1482024992,106909392,1866048759,47981717
dimwishlist:item=372697604&perks=1482024992,106909392,1866048759,1954620775

// Duty Bound (PvE)
//notes:PvE-***God roll***
dimwishlist:item=435216110&perks=839105230,106909392,1428297954,4104185692

// Duty Bound (PvP)
//notes:PvP-***God roll***
dimwishlist:item=435216110&perks=839105230,3142289711,2387244414,1546637391

// Forensic Nightmare (PvE)
//notes:PvE-***God roll***
dimwishlist:item=1526296434&perks=4090651448,1885400500,1428297954,124408337
dimwishlist:item=1526296434&perks=4090651448,1087426260,2014892510,2923251173
dimwishlist:item=1526296434&perks=4090651448,1087426260,2014892510,1171887445
dimwishlist:item=1526296434&perks=4090651448,1087426260,2014892510,1161469972
dimwishlist:item=1526296434&perks=4090651448,1087426260,2014892510,1015611457
dimwishlist:item=1526296434&perks=4090651448,1087426260,2014892510,124408337
dimwishlist:item=1526296434&perks=4090651448,1087426260,2014892510,4082225868
dimwishlist:item=1526296434&perks=4090651448,1087426260,402033656,2923251173
dimwishlist:item=1526296434&perks=4090651448,1087426260,402033656,1171887445
dimwishlist:item=1526296434&perks=4090651448,1087426260,402033656,1161469972
dimwishlist:item=1526296434&perks=4090651448,1087426260,402033656,1015611457
dimwishlist:item=1526296434&perks=4090651448,1087426260,402033656,124408337
dimwishlist:item=1526296434&perks=4090651448,1087426260,402033656,4082225868
dimwishlist:item=1526296434&perks=4090651448,1087426260,1428297954,2923251173
dimwishlist:item=1526296434&perks=4090651448,1087426260,1428297954,1171887445
dimwishlist:item=1526296434&perks=4090651448,1087426260,1428297954,1161469972
dimwishlist:item=1526296434&perks=4090651448,1087426260,1428297954,1015611457
dimwishlist:item=1526296434&perks=4090651448,1087426260,1428297954,124408337
dimwishlist:item=1526296434&perks=4090651448,1087426260,1428297954,4082225868
dimwishlist:item=1526296434&perks=4090651448,1087426260,1631667848,2923251173
dimwishlist:item=1526296434&perks=4090651448,1087426260,1631667848,1171887445
dimwishlist:item=1526296434&perks=4090651448,1087426260,1631667848,1161469972
dimwishlist:item=1526296434&perks=4090651448,1087426260,1631667848,1015611457
dimwishlist:item=1526296434&perks=4090651448,1087426260,1631667848,124408337
dimwishlist:item=1526296434&perks=4090651448,1087426260,1631667848,4082225868
dimwishlist:item=1526296434&perks=4090651448,2420895100,2014892510,2923251173
dimwishlist:item=1526296434&perks=4090651448,2420895100,2014892510,1171887445
dimwishlist:item=1526296434&perks=4090651448,2420895100,2014892510,1161469972
dimwishlist:item=1526296434&perks=4090651448,2420895100,2014892510,1015611457
dimwishlist:item=1526296434&perks=4090651448,2420895100,2014892510,124408337
dimwishlist:item=1526296434&perks=4090651448,2420895100,2014892510,4082225868
dimwishlist:item=1526296434&perks=4090651448,2420895100,402033656,2923251173
dimwishlist:item=1526296434&perks=4090651448,2420895100,402033656,1171887445
dimwishlist:item=1526296434&perks=4090651448,2420895100,402033656,1161469972
dimwishlist:item=1526296434&perks=4090651448,2420895100,402033656,1015611457
dimwishlist:item=1526296434&perks=4090651448,2420895100,402033656,124408337
dimwishlist:item=1526296434&perks=4090651448,2420895100,402033656,4082225868
dimwishlist:item=1526296434&perks=4090651448,2420895100,1428297954,2923251173
dimwishlist:item=1526296434&perks=4090651448,2420895100,1428297954,1171887445
dimwishlist:item=1526296434&perks=4090651448,2420895100,1428297954,1161469972
dimwishlist:item=1526296434&perks=4090651448,2420895100,1428297954,1015611457
dimwishlist:item=1526296434&perks=4090651448,2420895100,1428297954,124408337
dimwishlist:item=1526296434&perks=4090651448,2420895100,1428297954,4082225868
dimwishlist:item=1526296434&perks=4090651448,2420895100,1631667848,2923251173
dimwishlist:item=1526296434&perks=4090651448,2420895100,1631667848,1171887445
dimwishlist:item=1526296434&perks=4090651448,2420895100,1631667848,1161469972
dimwishlist:item=1526296434&perks=4090651448,2420895100,1631667848,1015611457
dimwishlist:item=1526296434&perks=4090651448,2420895100,1631667848,124408337
dimwishlist:item=1526296434&perks=4090651448,2420895100,1631667848,4082225868
dimwishlist:item=1526296434&perks=1482024992,1087426260,2014892510,2923251173
dimwishlist:item=1526296434&perks=1482024992,1087426260,2014892510,1171887445
dimwishlist:item=1526296434&perks=1482024992,1087426260,2014892510,1161469972
dimwishlist:item=1526296434&perks=1482024992,1087426260,2014892510,1015611457
dimwishlist:item=1526296434&perks=1482024992,1087426260,2014892510,124408337
dimwishlist:item=1526296434&perks=1482024992,1087426260,2014892510,4082225868
dimwishlist:item=1526296434&perks=1482024992,1087426260,402033656,2923251173
dimwishlist:item=1526296434&perks=1482024992,1087426260,402033656,1171887445
dimwishlist:item=1526296434&perks=1482024992,1087426260,402033656,1161469972
dimwishlist:item=1526296434&perks=1482024992,1087426260,402033656,1015611457
dimwishlist:item=1526296434&perks=1482024992,1087426260,402033656,124408337
dimwishlist:item=1526296434&perks=1482024992,1087426260,402033656,4082225868
dimwishlist:item=1526296434&perks=1482024992,1087426260,1428297954,2923251173
dimwishlist:item=1526296434&perks=1482024992,1087426260,1428297954,1171887445
dimwishlist:item=1526296434&perks=1482024992,1087426260,1428297954,1161469972
dimwishlist:item=1526296434&perks=1482024992,1087426260,1428297954,1015611457
dimwishlist:item=1526296434&perks=1482024992,1087426260,1428297954,124408337
dimwishlist:item=1526296434&perks=1482024992,1087426260,1428297954,4082225868
dimwishlist:item=1526296434&perks=1482024992,1087426260,1631667848,2923251173
dimwishlist:item=1526296434&perks=1482024992,1087426260,1631667848,1171887445
dimwishlist:item=1526296434&perks=1482024992,1087426260,1631667848,1161469972
dimwishlist:item=1526296434&perks=1482024992,1087426260,1631667848,1015611457
dimwishlist:item=1526296434&perks=1482024992,1087426260,1631667848,124408337
dimwishlist:item=1526296434&perks=1482024992,1087426260,1631667848,4082225868
dimwishlist:item=1526296434&perks=1482024992,2420895100,2014892510,2923251173
dimwishlist:item=1526296434&perks=1482024992,2420895100,2014892510,1171887445
dimwishlist:item=1526296434&perks=1482024992,2420895100,2014892510,1161469972
dimwishlist:item=1526296434&perks=1482024992,2420895100,2014892510,1015611457
dimwishlist:item=1526296434&perks=1482024992,2420895100,2014892510,124408337
dimwishlist:item=1526296434&perks=1482024992,2420895100,2014892510,4082225868
dimwishlist:item=1526296434&perks=1482024992,2420895100,402033656,2923251173
dimwishlist:item=1526296434&perks=1482024992,2420895100,402033656,1171887445
dimwishlist:item=1526296434&perks=1482024992,2420895100,402033656,1161469972
dimwishlist:item=1526296434&perks=1482024992,2420895100,402033656,1015611457
dimwishlist:item=1526296434&perks=1482024992,2420895100,402033656,124408337
dimwishlist:item=1526296434&perks=1482024992,2420895100,402033656,4082225868
dimwishlist:item=1526296434&perks=1482024992,2420895100,1428297954,2923251173
dimwishlist:item=1526296434&perks=1482024992,2420895100,1428297954,1171887445
dimwishlist:item=1526296434&perks=1482024992,2420895100,1428297954,1161469972
dimwishlist:item=1526296434&perks=1482024992,2420895100,1428297954,1015611457
dimwishlist:item=1526296434&perks=1482024992,2420895100,1428297954,124408337
dimwishlist:item=1526296434&perks=1482024992,2420895100,1428297954,4082225868
dimwishlist:item=1526296434&perks=1482024992,2420895100,1631667848,2923251173
dimwishlist:item=1526296434&perks=1482024992,2420895100,1631667848,1171887445
dimwishlist:item=1526296434&perks=1482024992,2420895100,1631667848,1161469972
dimwishlist:item=1526296434&perks=1482024992,2420895100,1631667848,1015611457
dimwishlist:item=1526296434&perks=1482024992,2420895100,1631667848,124408337
dimwishlist:item=1526296434&perks=1482024992,2420895100,1631667848,4082225868
dimwishlist:item=1526296434&perks=1840239774,1087426260,2014892510,2923251173
dimwishlist:item=1526296434&perks=1840239774,1087426260,2014892510,1171887445
dimwishlist:item=1526296434&perks=1840239774,1087426260,2014892510,1161469972
dimwishlist:item=1526296434&perks=1840239774,1087426260,2014892510,1015611457
dimwishlist:item=1526296434&perks=1840239774,1087426260,2014892510,124408337
dimwishlist:item=1526296434&perks=1840239774,1087426260,2014892510,4082225868
dimwishlist:item=1526296434&perks=1840239774,1087426260,402033656,2923251173
dimwishlist:item=1526296434&perks=1840239774,1087426260,402033656,1171887445
dimwishlist:item=1526296434&perks=1840239774,1087426260,402033656,1161469972
dimwishlist:item=1526296434&perks=1840239774,1087426260,402033656,1015611457
dimwishlist:item=1526296434&perks=1840239774,1087426260,402033656,124408337
dimwishlist:item=1526296434&perks=1840239774,1087426260,402033656,4082225868
dimwishlist:item=1526296434&perks=1840239774,1087426260,1428297954,2923251173
dimwishlist:item=1526296434&perks=1840239774,1087426260,1428297954,1171887445
dimwishlist:item=1526296434&perks=1840239774,1087426260,1428297954,1161469972
dimwishlist:item=1526296434&perks=1840239774,1087426260,1428297954,1015611457
dimwishlist:item=1526296434&perks=1840239774,1087426260,1428297954,124408337
dimwishlist:item=1526296434&perks=1840239774,1087426260,1428297954,4082225868
dimwishlist:item=1526296434&perks=1840239774,1087426260,1631667848,2923251173
dimwishlist:item=1526296434&perks=1840239774,1087426260,1631667848,1171887445
dimwishlist:item=1526296434&perks=1840239774,1087426260,1631667848,1161469972
dimwishlist:item=1526296434&perks=1840239774,1087426260,1631667848,1015611457
dimwishlist:item=1526296434&perks=1840239774,1087426260,1631667848,124408337
dimwishlist:item=1526296434&perks=1840239774,1087426260,1631667848,4082225868
dimwishlist:item=1526296434&perks=1840239774,2420895100,2014892510,2923251173
dimwishlist:item=1526296434&perks=1840239774,2420895100,2014892510,1171887445
dimwishlist:item=1526296434&perks=1840239774,2420895100,2014892510,1161469972
dimwishlist:item=1526296434&perks=1840239774,2420895100,2014892510,1015611457
dimwishlist:item=1526296434&perks=1840239774,2420895100,2014892510,124408337
dimwishlist:item=1526296434&perks=1840239774,2420895100,2014892510,4082225868
dimwishlist:item=1526296434&perks=1840239774,2420895100,402033656,2923251173
dimwishlist:item=1526296434&perks=1840239774,2420895100,402033656,1171887445
dimwishlist:item=1526296434&perks=1840239774,2420895100,402033656,1161469972
dimwishlist:item=1526296434&perks=1840239774,2420895100,402033656,1015611457
dimwishlist:item=1526296434&perks=1840239774,2420895100,402033656,124408337
dimwishlist:item=1526296434&perks=1840239774,2420895100,402033656,4082225868
dimwishlist:item=1526296434&perks=1840239774,2420895100,1428297954,2923251173
dimwishlist:item=1526296434&perks=1840239774,2420895100,1428297954,1171887445
dimwishlist:item=1526296434&perks=1840239774,2420895100,1428297954,1161469972
dimwishlist:item=1526296434&perks=1840239774,2420895100,1428297954,1015611457
dimwishlist:item=1526296434&perks=1840239774,2420895100,1428297954,124408337
dimwishlist:item=1526296434&perks=1840239774,2420895100,1428297954,4082225868
dimwishlist:item=1526296434&perks=1840239774,2420895100,1631667848,2923251173
dimwishlist:item=1526296434&perks=1840239774,2420895100,1631667848,1171887445
dimwishlist:item=1526296434&perks=1840239774,2420895100,1631667848,1161469972
dimwishlist:item=1526296434&perks=1840239774,2420895100,1631667848,1015611457
dimwishlist:item=1526296434&perks=1840239774,2420895100,1631667848,124408337
dimwishlist:item=1526296434&perks=1840239774,2420895100,1631667848,4082225868

// Forensic Nightmare (PvP)
//notes: God Roll tags:mnk,god-pvp
dimwishlist:item=1526296434&perks=3250034553,1561002382,2014892510,1015611457
dimwishlist:item=1526296434&perks=3250034553,1561002382,2014892510,2923251173
dimwishlist:item=1526296434&perks=3250034553,1561002382,2396422520,1015611457
dimwishlist:item=1526296434&perks=3250034553,1561002382,2396422520,2923251173
dimwishlist:item=1526296434&perks=3250034553,1561002382,2748258257,1015611457
dimwishlist:item=1526296434&perks=3250034553,1561002382,2748258257,2923251173
dimwishlist:item=1526296434&perks=3250034553,1561002382,1428297954,1015611457
dimwishlist:item=1526296434&perks=3250034553,1561002382,1428297954,2923251173
dimwishlist:item=1526296434&perks=3250034553,1561002382,2039302152,1015611457
dimwishlist:item=1526296434&perks=3250034553,1561002382,2039302152,2923251173
dimwishlist:item=1526296434&perks=3250034553,1561002382,1570042021,1015611457
dimwishlist:item=1526296434&perks=3250034553,1561002382,1570042021,2923251173
dimwishlist:item=1526296434&perks=3250034553,1885400500,2014892510,1015611457
dimwishlist:item=1526296434&perks=3250034553,1885400500,2014892510,2923251173
dimwishlist:item=1526296434&perks=3250034553,1885400500,2396422520,1015611457
dimwishlist:item=1526296434&perks=3250034553,1885400500,2396422520,2923251173
dimwishlist:item=1526296434&perks=3250034553,1885400500,2748258257,1015611457
dimwishlist:item=1526296434&perks=3250034553,1885400500,2748258257,2923251173
dimwishlist:item=1526296434&perks=3250034553,1885400500,1428297954,1015611457
dimwishlist:item=1526296434&perks=3250034553,1885400500,1428297954,2923251173
dimwishlist:item=1526296434&perks=3250034553,1885400500,2039302152,1015611457
dimwishlist:item=1526296434&perks=3250034553,1885400500,2039302152,2923251173
dimwishlist:item=1526296434&perks=3250034553,1885400500,1570042021,1015611457
dimwishlist:item=1526296434&perks=3250034553,1885400500,1570042021,2923251173
dimwishlist:item=1526296434&perks=1840239774,1561002382,2014892510,1015611457
dimwishlist:item=1526296434&perks=1840239774,1561002382,2014892510,2923251173
dimwishlist:item=1526296434&perks=1840239774,1561002382,2396422520,1015611457
dimwishlist:item=1526296434&perks=1840239774,1561002382,2396422520,2923251173
dimwishlist:item=1526296434&perks=1840239774,1561002382,2748258257,1015611457
dimwishlist:item=1526296434&perks=1840239774,1561002382,2748258257,2923251173
dimwishlist:item=1526296434&perks=1840239774,1561002382,1428297954,1015611457
dimwishlist:item=1526296434&perks=1840239774,1561002382,1428297954,2923251173
dimwishlist:item=1526296434&perks=1840239774,1561002382,2039302152,1015611457
dimwishlist:item=1526296434&perks=1840239774,1561002382,2039302152,2923251173
dimwishlist:item=1526296434&perks=1840239774,1561002382,1570042021,1015611457
dimwishlist:item=1526296434&perks=1840239774,1561002382,1570042021,2923251173
dimwishlist:item=1526296434&perks=1840239774,1885400500,2014892510,1015611457
dimwishlist:item=1526296434&perks=1840239774,1885400500,2014892510,2923251173
dimwishlist:item=1526296434&perks=1840239774,1885400500,2396422520,1015611457
dimwishlist:item=1526296434&perks=1840239774,1885400500,2396422520,2923251173
dimwishlist:item=1526296434&perks=1840239774,1885400500,2748258257,1015611457
dimwishlist:item=1526296434&perks=1840239774,1885400500,2748258257,2923251173
dimwishlist:item=1526296434&perks=1840239774,1885400500,1428297954,1015611457
dimwishlist:item=1526296434&perks=1840239774,1885400500,1428297954,2923251173
dimwishlist:item=1526296434&perks=1840239774,1885400500,2039302152,1015611457
dimwishlist:item=1526296434&perks=1840239774,1885400500,2039302152,2923251173
dimwishlist:item=1526296434&perks=1840239774,1885400500,1570042021,1015611457
dimwishlist:item=1526296434&perks=1840239774,1885400500,1570042021,2923251173

// Herod-C (PvE)
//notes:PvE-***God roll***
dimwishlist:item=1788603939&perks=839105230,3230963543,1820235745,4104185692

// Herod-C (PvP)
//notes:PvP-***God roll***
dimwishlist:item=1788603939&perks=839105230,1885400500,1359896290,588594999

// Syncopation-53 (PvE)
//notes:PvE-***God roll***
dimwishlist:item=2856514843&perks=839105230,3230963543,671806388,4104185692
dimwishlist:item=2856514843&perks=4090651448,1087426260,671806388,4104185692
dimwishlist:item=2856514843&perks=4090651448,1087426260,671806388,124408337
dimwishlist:item=2856514843&perks=4090651448,1087426260,1168162263,4104185692
dimwishlist:item=2856514843&perks=4090651448,1087426260,1168162263,124408337
dimwishlist:item=2856514843&perks=4090651448,3230963543,671806388,4104185692
dimwishlist:item=2856514843&perks=4090651448,3230963543,671806388,124408337
dimwishlist:item=2856514843&perks=4090651448,3230963543,1168162263,4104185692
dimwishlist:item=2856514843&perks=4090651448,3230963543,1168162263,124408337

// Syncopation-53 (PvP)
//notes:PvP-***God roll***
dimwishlist:item=2856514843&perks=839105230,1561002382,1866048759,460017080
dimwishlist:item=2856514843&perks=839105230,1561002382,1866048759,2846385770
dimwishlist:item=2856514843&perks=839105230,1561002382,588594999,460017080
dimwishlist:item=2856514843&perks=839105230,1561002382,588594999,2846385770
dimwishlist:item=2856514843&perks=839105230,1885400500,1866048759,460017080
dimwishlist:item=2856514843&perks=839105230,1885400500,1866048759,2846385770
dimwishlist:item=2856514843&perks=839105230,1885400500,588594999,460017080
dimwishlist:item=2856514843&perks=839105230,1885400500,588594999,2846385770
dimwishlist:item=2856514843&perks=4090651448,1561002382,1866048759,460017080
dimwishlist:item=2856514843&perks=4090651448,1561002382,1866048759,2846385770
dimwishlist:item=2856514843&perks=4090651448,1561002382,588594999,460017080
dimwishlist:item=2856514843&perks=4090651448,1561002382,588594999,2846385770
dimwishlist:item=2856514843&perks=4090651448,1885400500,1866048759,460017080
dimwishlist:item=2856514843&perks=4090651448,1885400500,1866048759,2846385770
dimwishlist:item=2856514843&perks=4090651448,1885400500,588594999,460017080
dimwishlist:item=2856514843&perks=4090651448,1885400500,588594999,2846385770
dimwishlist:item=2856514843&perks=1482024992,1561002382,1866048759,460017080
dimwishlist:item=2856514843&perks=1482024992,1561002382,1866048759,2846385770
dimwishlist:item=2856514843&perks=1482024992,1561002382,588594999,460017080
dimwishlist:item=2856514843&perks=1482024992,1561002382,588594999,2846385770
dimwishlist:item=2856514843&perks=1482024992,1885400500,1866048759,460017080
dimwishlist:item=2856514843&perks=1482024992,1885400500,1866048759,2846385770
dimwishlist:item=2856514843&perks=1482024992,1885400500,588594999,460017080
dimwishlist:item=2856514843&perks=1482024992,1885400500,588594999,2846385770

// Funnelweb (PvE)
//notes:PvE-***God roll***
dimwishlist:item=3341893443&perks=1482024992,106909392,1820235745,4104185692
dimwishlist:item=3341893443&perks=1482024992,3142289711,1820235745,4104185692
dimwishlist:item=3341893443&perks=4090651448,106909392,1820235745,4104185692
dimwishlist:item=3341893443&perks=4090651448,3142289711,1820235745,4104185692
dimwishlist:item=3341893443&perks=839105230,106909392,1820235745,4104185692
dimwishlist:item=3341893443&perks=839105230,3142289711,1820235745,4104185692

// Funnelweb (PvP)
//notes:PvP-***God roll***
dimwishlist:item=3341893443&perks=1482024992,3142289711,972757866,3511092054
dimwishlist:item=3341893443&perks=1482024992,3142289711,972757866,2846385770
dimwishlist:item=3341893443&perks=1482024992,3142289711,2450788523,3511092054
dimwishlist:item=3341893443&perks=1482024992,3142289711,2450788523,2846385770
dimwishlist:item=3341893443&perks=1482024992,3142289711,1820235745,3511092054
dimwishlist:item=3341893443&perks=1482024992,3142289711,1820235745,2846385770
dimwishlist:item=3341893443&perks=839105230,3142289711,972757866,3511092054
dimwishlist:item=3341893443&perks=839105230,3142289711,972757866,2846385770
dimwishlist:item=3341893443&perks=839105230,3142289711,2450788523,3511092054
dimwishlist:item=3341893443&perks=839105230,3142289711,2450788523,2846385770
dimwishlist:item=3341893443&perks=839105230,3142289711,1820235745,3511092054
dimwishlist:item=3341893443&perks=839105230,3142289711,1820235745,2846385770

// Under Your Skin (PvE)
//notes:PvE-***God roll***
dimwishlist:item=3517716296&perks=2801223209,2154191829,201365942,1048183818
dimwishlist:item=3517716296&perks=2801223209,2154191829,201365942,2652708987
dimwishlist:item=3517716296&perks=2801223209,16392701,201365942,1048183818
dimwishlist:item=3517716296&perks=2801223209,16392701,201365942,2652708987
dimwishlist:item=3517716296&perks=852209214,2154191829,201365942,1048183818
dimwishlist:item=3517716296&perks=852209214,2154191829,201365942,2652708987
dimwishlist:item=3517716296&perks=852209214,16392701,201365942,1048183818
dimwishlist:item=3517716296&perks=852209214,16392701,201365942,2652708987

// Under Your Skin (PvP)
//notes:PvP-***God roll***
dimwishlist:item=3517716296&perks=3768438372,16392701,201365942,2652708987
dimwishlist:item=3517716296&perks=3768438372,16392701,201365942,47981717+

// Recurrent Impact (god-pve,mnk)
//notes: tags:god-pve,mnk
dimwishlist:item=1572896086&perks=839105230,106909392,1583705720,1171887445

// Pointed Inquiry (god-pve,mnk)
//notes: [MW - Range]  [Mod - Targeting Adjuster] tags:god-pve,mnk
dimwishlist:item=297296830&perks=4090651448,3230963543,1354429876,169755979
dimwishlist:item=297296830&perks=4090651448,3230963543,1354429876,2000295559
dimwishlist:item=297296830&perks=4090651448,3230963543,3096702027,169755979
dimwishlist:item=297296830&perks=4090651448,3230963543,3096702027,2000295559
dimwishlist:item=297296830&perks=4090651448,3230963543,3920370755,169755979
dimwishlist:item=297296830&perks=4090651448,3230963543,3920370755,2000295559
dimwishlist:item=297296830&perks=4090651448,1885400500,1354429876,169755979
dimwishlist:item=297296830&perks=4090651448,1885400500,1354429876,2000295559
dimwishlist:item=297296830&perks=4090651448,1885400500,3096702027,169755979
dimwishlist:item=297296830&perks=4090651448,1885400500,3096702027,2000295559
dimwishlist:item=297296830&perks=4090651448,1885400500,3920370755,169755979
dimwishlist:item=297296830&perks=4090651448,1885400500,3920370755,2000295559
dimwishlist:item=297296830&perks=839105230,3230963543,1354429876,169755979
dimwishlist:item=297296830&perks=839105230,3230963543,1354429876,2000295559
dimwishlist:item=297296830&perks=839105230,3230963543,3096702027,169755979
dimwishlist:item=297296830&perks=839105230,3230963543,3096702027,2000295559
dimwishlist:item=297296830&perks=839105230,3230963543,3920370755,169755979
dimwishlist:item=297296830&perks=839105230,3230963543,3920370755,2000295559
dimwishlist:item=297296830&perks=839105230,1885400500,1354429876,169755979
dimwishlist:item=297296830&perks=839105230,1885400500,1354429876,2000295559
dimwishlist:item=297296830&perks=839105230,1885400500,3096702027,169755979
dimwishlist:item=297296830&perks=839105230,1885400500,3096702027,2000295559
dimwishlist:item=297296830&perks=839105230,1885400500,3920370755,169755979
dimwishlist:item=297296830&perks=839105230,1885400500,3920370755,2000295559
dimwishlist:item=297296830&perks=1467527085,3230963543,1354429876,169755979
dimwishlist:item=297296830&perks=1467527085,3230963543,1354429876,2000295559
dimwishlist:item=297296830&perks=1467527085,3230963543,3096702027,169755979
dimwishlist:item=297296830&perks=1467527085,3230963543,3096702027,2000295559
dimwishlist:item=297296830&perks=1467527085,3230963543,3920370755,169755979
dimwishlist:item=297296830&perks=1467527085,3230963543,3920370755,2000295559
dimwishlist:item=297296830&perks=1467527085,1885400500,1354429876,169755979
dimwishlist:item=297296830&perks=1467527085,1885400500,1354429876,2000295559
dimwishlist:item=297296830&perks=1467527085,1885400500,3096702027,169755979
dimwishlist:item=297296830&perks=1467527085,1885400500,3096702027,2000295559
dimwishlist:item=297296830&perks=1467527085,1885400500,3920370755,169755979
dimwishlist:item=297296830&perks=1467527085,1885400500,3920370755,2000295559

// Red Herring (god-pve,mnk)
//notes: [MW - Blast Radius] [Mod - Boss Spec for a 7% increase in damage to bosses] tags:god-pve,mnk
dimwishlist:item=3175851496&perks=1478423395,3796465595,3977735242,3927722942
dimwishlist:item=3175851496&perks=1441682018,3796465595,3977735242,3927722942

// Palmyra-B (PvE)
//notes:PvE-Godroll! [Masterwork: Reload] [Mod: Spec Mod]
dimwishlist:item=3489657138&perks=1478423395,3796465595,951095735,2396489472
dimwishlist:item=3489657138&perks=1478423395,3796465595,951095735,3194351027
dimwishlist:item=3489657138&perks=1478423395,3796465595,3300816228,3194351027
dimwishlist:item=3489657138&perks=1478423395,3796465595,3300816228,2396489472

// Palmyra-B (PvP)
//notes:PvP-Godroll
dimwishlist:item=3489657138&perks=3525010810,1996142143,951095735,11612903
dimwishlist:item=3489657138&perks=3525010810,1996142143,951095735,3194351027
dimwishlist:item=3489657138&perks=3525010810,2822142346,951095735,11612903
dimwishlist:item=3489657138&perks=3525010810,2822142346,951095735,3194351027
dimwishlist:item=3489657138&perks=1478423395,1996142143,951095735,11612903
dimwishlist:item=3489657138&perks=1478423395,1996142143,951095735,3194351027
dimwishlist:item=3489657138&perks=1478423395,2822142346,951095735,11612903
dimwishlist:item=3489657138&perks=1478423395,2822142346,951095735,3194351027

// Perses-D (god-pve,mnk,controller)
//notes: God Roll - PvE tags:god-pve,mnk,controller
dimwishlist:item=1019000888&perks=1840239774,106909392,247725512,1546637391
dimwishlist:item=1019000888&perks=1840239774,106909392,247725512,3038247973
dimwishlist:item=1019000888&perks=1840239774,106909392,247725512,4049631843
dimwishlist:item=1019000888&perks=1840239774,106909392,3700496672,1546637391
dimwishlist:item=1019000888&perks=1840239774,106909392,3700496672,3038247973
dimwishlist:item=1019000888&perks=1840239774,106909392,3700496672,4049631843
dimwishlist:item=1019000888&perks=1840239774,106909392,1583705720,1546637391
dimwishlist:item=1019000888&perks=1840239774,106909392,1583705720,3038247973
dimwishlist:item=1019000888&perks=1840239774,106909392,1583705720,4049631843
dimwishlist:item=1019000888&perks=1840239774,1087426260,247725512,1546637391
dimwishlist:item=1019000888&perks=1840239774,1087426260,247725512,3038247973
dimwishlist:item=1019000888&perks=1840239774,1087426260,247725512,4049631843
dimwishlist:item=1019000888&perks=1840239774,1087426260,3700496672,1546637391
dimwishlist:item=1019000888&perks=1840239774,1087426260,3700496672,3038247973
dimwishlist:item=1019000888&perks=1840239774,1087426260,3700496672,4049631843
dimwishlist:item=1019000888&perks=1840239774,1087426260,1583705720,1546637391
dimwishlist:item=1019000888&perks=1840239774,1087426260,1583705720,3038247973
dimwishlist:item=1019000888&perks=1840239774,1087426260,1583705720,4049631843
dimwishlist:item=1019000888&perks=1840239774,2420895100,247725512,1546637391
dimwishlist:item=1019000888&perks=1840239774,2420895100,247725512,3038247973
dimwishlist:item=1019000888&perks=1840239774,2420895100,247725512,4049631843
dimwishlist:item=1019000888&perks=1840239774,2420895100,3700496672,1546637391
dimwishlist:item=1019000888&perks=1840239774,2420895100,3700496672,3038247973
dimwishlist:item=1019000888&perks=1840239774,2420895100,3700496672,4049631843
dimwishlist:item=1019000888&perks=1840239774,2420895100,1583705720,1546637391
dimwishlist:item=1019000888&perks=1840239774,2420895100,1583705720,3038247973
dimwishlist:item=1019000888&perks=1840239774,2420895100,1583705720,4049631843
dimwishlist:item=1019000888&perks=1482024992,106909392,247725512,1546637391
dimwishlist:item=1019000888&perks=1482024992,106909392,247725512,3038247973
dimwishlist:item=1019000888&perks=1482024992,106909392,247725512,4049631843
dimwishlist:item=1019000888&perks=1482024992,106909392,3700496672,1546637391
dimwishlist:item=1019000888&perks=1482024992,106909392,3700496672,3038247973
dimwishlist:item=1019000888&perks=1482024992,106909392,3700496672,4049631843
dimwishlist:item=1019000888&perks=1482024992,106909392,1583705720,1546637391
dimwishlist:item=1019000888&perks=1482024992,106909392,1583705720,3038247973
dimwishlist:item=1019000888&perks=1482024992,106909392,1583705720,4049631843
dimwishlist:item=1019000888&perks=1482024992,1087426260,247725512,1546637391
dimwishlist:item=1019000888&perks=1482024992,1087426260,247725512,3038247973
dimwishlist:item=1019000888&perks=1482024992,1087426260,247725512,4049631843
dimwishlist:item=1019000888&perks=1482024992,1087426260,3700496672,1546637391
dimwishlist:item=1019000888&perks=1482024992,1087426260,3700496672,3038247973
dimwishlist:item=1019000888&perks=1482024992,1087426260,3700496672,4049631843
dimwishlist:item=1019000888&perks=1482024992,1087426260,1583705720,1546637391
dimwishlist:item=1019000888&perks=1482024992,1087426260,1583705720,3038247973
dimwishlist:item=1019000888&perks=1482024992,1087426260,1583705720,4049631843
dimwishlist:item=1019000888&perks=1482024992,2420895100,247725512,1546637391
dimwishlist:item=1019000888&perks=1482024992,2420895100,247725512,3038247973
dimwishlist:item=1019000888&perks=1482024992,2420895100,247725512,4049631843
dimwishlist:item=1019000888&perks=1482024992,2420895100,3700496672,1546637391
dimwishlist:item=1019000888&perks=1482024992,2420895100,3700496672,3038247973
dimwishlist:item=1019000888&perks=1482024992,2420895100,3700496672,4049631843
dimwishlist:item=1019000888&perks=1482024992,2420895100,1583705720,1546637391
dimwishlist:item=1019000888&perks=1482024992,2420895100,1583705720,3038247973
dimwishlist:item=1019000888&perks=1482024992,2420895100,1583705720,4049631843


// Perses-D (god-pvp,mnk)
//notes: God roll - PvP tags:god-pvp,mnk
dimwishlist:item=1019000888&perks=1482024992,3177308360,1428297954,47981717
dimwishlist:item=1019000888&perks=1482024992,3177308360,1428297954,3038247973
dimwishlist:item=1019000888&perks=1482024992,3177308360,247725512,47981717
dimwishlist:item=1019000888&perks=1482024992,3177308360,247725512,3038247973
dimwishlist:item=1019000888&perks=1482024992,3177308360,2946784966,47981717
dimwishlist:item=1019000888&perks=1482024992,3177308360,2946784966,3038247973
dimwishlist:item=1019000888&perks=1482024992,106909392,1428297954,47981717
dimwishlist:item=1019000888&perks=1482024992,106909392,1428297954,3038247973
dimwishlist:item=1019000888&perks=1482024992,106909392,247725512,47981717
dimwishlist:item=1019000888&perks=1482024992,106909392,247725512,3038247973
dimwishlist:item=1019000888&perks=1482024992,106909392,2946784966,47981717
dimwishlist:item=1019000888&perks=1482024992,106909392,2946784966,3038247973
dimwishlist:item=1019000888&perks=1840239774,3177308360,1428297954,47981717
dimwishlist:item=1019000888&perks=1840239774,3177308360,1428297954,3038247973
dimwishlist:item=1019000888&perks=1840239774,3177308360,247725512,47981717
dimwishlist:item=1019000888&perks=1840239774,3177308360,247725512,3038247973
dimwishlist:item=1019000888&perks=1840239774,3177308360,2946784966,47981717
dimwishlist:item=1019000888&perks=1840239774,3177308360,2946784966,3038247973
dimwishlist:item=1019000888&perks=1840239774,106909392,1428297954,47981717
dimwishlist:item=1019000888&perks=1840239774,106909392,1428297954,3038247973
dimwishlist:item=1019000888&perks=1840239774,106909392,247725512,47981717
dimwishlist:item=1019000888&perks=1840239774,106909392,247725512,3038247973
dimwishlist:item=1019000888&perks=1840239774,106909392,2946784966,47981717
dimwishlist:item=1019000888&perks=1840239774,106909392,2946784966,3038247973
